0.0 0.001644736842105263
0.0005482456140350877 0.006030701754385965
0.001644736842105263 0.009868421052631578
0.003837719298245614 0.024671052631578948
0.007675438596491228 0.0400219298245614
0.008223684210526315 0.054276315789473686
0.01425438596491228 0.07675438596491228
0.017543859649122806 0.12006578947368421
0.03344298245614035 0.17489035087719298
0.05756578947368421 0.26206140350877194
0.08278508771929824 0.34978070175438597
0.10581140350877193 0.4375
0.14802631578947367 0.5356359649122807
0.20010964912280702 0.6414473684210527
0.2412280701754386 0.7236842105263158
