0.008771929824561403 0.03837719298245614
0.04550438596491228 0.25219298245614036
0.13815789473684212 0.5323464912280702
0.23574561403508773 0.6896929824561403
0.3569078947368421 0.862390350877193
0.4610745614035088 0.944078947368421
0.5433114035087719 0.9709429824561403
0.5970394736842105 0.9846491228070176
0.6546052631578947 0.9906798245614035
0.712171052631579 0.9928728070175439
0.7691885964912281 0.9961622807017544
0.7801535087719298 0.9961622807017544
0.8119517543859649 0.9950657894736842
0.8305921052631579 0.9994517543859649
0.84375 0.9989035087719298
0.8662280701754386 0.9994517543859649
0.8722587719298246 0.9983552631578947
0.8865131578947368 0.9983552631578947
0.893640350877193 0.9994517543859649
0.8914473684210527 0.9983552631578947
0.9040570175438597 0.9983552631578947
0.9150219298245614 0.9972587719298246
0.9139254385964912 0.9989035087719298
0.9210526315789473 0.9994517543859649
0.9259868421052632 0.9994517543859649
0.9270833333333334 0.9983552631578947
0.9298245614035088 0.9994517543859649
0.9155701754385965 0.9994517543859649
0.9298245614035088 0.9983552631578947
0.9216008771929824 0.9989035087719298
0.9369517543859649 0.9994517543859649
0.9281798245614035 0.9983552631578947
0.9331140350877193 0.9983552631578947
0.9391447368421053 0.9978070175438597
0.9331140350877193 0.9989035087719298
0.9435307017543859 0.9994517543859649
0.9391447368421053 0.9989035087719298
0.9342105263157895 0.9994517543859649
0.9342105263157895 0.9978070175438597
0.9446271929824561 0.9983552631578947
0.9375 0.9972587719298246
0.9364035087719298 0.9989035087719298
0.944078947368421 0.9989035087719298
0.9407894736842105 0.9983552631578947
0.9375 0.9989035087719298
0.9270833333333334 0.9972587719298246
0.9369517543859649 0.9983552631578947
0.9320175438596491 0.9994517543859649
0.9380482456140351 0.9989035087719298
0.9369517543859649 0.9994517543859649
0.9347587719298246 0.9972587719298246
0.9342105263157895 0.9989035087719298
0.9462719298245614 0.9983552631578947
0.9369517543859649 0.9983552631578947
0.9451754385964912 0.9983552631578947
0.9385964912280702 0.9978070175438597
0.9506578947368421 0.9983552631578947
0.9396929824561403 0.9978070175438597
0.9451754385964912 0.9989035087719298
