0.001644736842105263 0.005482456140350877
0.0021929824561403508 0.00712719298245614
0.0027412280701754384 0.013157894736842105
0.006030701754385965 0.023026315789473683
0.00712719298245614 0.03070175438596491
0.007675438596491228 0.041666666666666664
0.011513157894736841 0.06853070175438597
0.012609649122807017 0.08662280701754387
0.023026315789473683 0.10800438596491228
0.03179824561403509 0.1425438596491228
0.041666666666666664 0.18092105263157895
0.047697368421052634 0.19956140350877194
0.05701754385964912 0.23903508771929824
