0.0005482456140350877 0.004934210526315789
0.001644736842105263 0.00932017543859649
0.003289473684210526 0.01699561403508772
0.006030701754385965 0.025767543859649123
0.00712719298245614 0.04111842105263158
0.007675438596491228 0.06578947368421052
0.014802631578947368 0.08662280701754387
0.024671052631578948 0.12116228070175439
0.04550438596491228 0.15789473684210525
0.047697368421052634 0.19846491228070176
0.05701754385964912 0.2412280701754386
0.07072368421052631 0.2911184210526316
0.08442982456140351 0.3432017543859649
0.09758771929824561 0.39144736842105265
0.10964912280701754 0.4446271929824561
0.1288377192982456 0.4830043859649123
0.14638157894736842 0.5350877192982456
0.16392543859649122 0.5893640350877193
0.18421052631578946 0.6354166666666666
0.2138157894736842 0.6759868421052632
0.23190789473684212 0.6979166666666666
0.25877192982456143 0.7362938596491229
0.2768640350877193 0.7823464912280702
0.3053728070175439 0.8223684210526315
0.31469298245614036 0.8273026315789473
0.3360745614035088 0.8514254385964912
0.34265350877192985 0.8640350877192983
0.3684210526315789 0.8854166666666666
0.3854166666666667 0.9007675438596491
0.4100877192982456 0.924890350877193
0.4292763157894737 0.9320175438596491
0.4512061403508772 0.9336622807017544
0.46271929824561403 0.9495614035087719
0.48848684210526316 0.9550438596491229
0.5049342105263158 0.9616228070175439
0.5202850877192983 0.9665570175438597
0.5444078947368421 0.9709429824561403
0.5608552631578947 0.975328947368421
0.5783991228070176 0.9775219298245614
0.587171052631579 0.9841008771929824
0.5986842105263158 0.9808114035087719
0.6167763157894737 0.9835526315789473
0.6348684210526315 0.9868421052631579
0.6321271929824561 0.9879385964912281
0.6578947368421053 0.987390350877193
0.6551535087719298 0.9890350877192983
0.6847587719298246 0.9912280701754386
0.6875 0.9912280701754386
0.7149122807017544 0.9928728070175439
