0.0 0.05454545454545454
0.0 0.07272727272727272
0.0 0.08181818181818182
0.00909090909090909 0.06363636363636363
0.00909090909090909 0.05454545454545454
0.00909090909090909 0.05454545454545454
0.00909090909090909 0.06363636363636363
0.00909090909090909 0.06363636363636363
0.00909090909090909 0.07272727272727272
0.00909090909090909 0.07272727272727272
0.00909090909090909 0.08181818181818182
0.00909090909090909 0.08181818181818182
0.00909090909090909 0.08181818181818182
0.00909090909090909 0.09090909090909091
0.00909090909090909 0.07272727272727272
0.00909090909090909 0.07272727272727272
0.00909090909090909 0.06363636363636363
0.00909090909090909 0.06363636363636363
0.00909090909090909 0.06363636363636363
0.00909090909090909 0.07272727272727272
0.00909090909090909 0.07272727272727272
0.00909090909090909 0.07272727272727272
0.00909090909090909 0.08181818181818182
0.00909090909090909 0.08181818181818182
0.00909090909090909 0.08181818181818182
0.00909090909090909 0.07272727272727272
0.00909090909090909 0.07272727272727272
