0.0005482456140350877 0.005482456140350877
0.0021929824561403508 0.006030701754385965
0.0027412280701754384 0.01425438596491228
0.006030701754385965 0.023026315789473683
0.004934210526315789 0.03125
0.005482456140350877 0.039473684210526314
0.00932017543859649 0.0625
0.010416666666666666 0.08881578947368421
0.022478070175438597 0.11293859649122807
0.030153508771929825 0.14309210526315788
0.03618421052631579 0.1737938596491228
0.047149122807017545 0.21271929824561403
0.05482456140350877 0.24067982456140352
0.06140350877192982 0.2741228070175439
0.07017543859649122 0.3229166666666667
0.07839912280701754 0.3399122807017544
0.10307017543859649 0.4095394736842105
0.11403508771929824 0.43475877192982454
0.13596491228070176 0.4791666666666667
0.13760964912280702 0.5115131578947368
0.16173245614035087 0.5509868421052632
0.17434210526315788 0.5773026315789473
0.19956140350877194 0.6107456140350878
0.19956140350877194 0.6408991228070176
0.22149122807017543 0.6847587719298246
0.23026315789473684 0.694078947368421
