0.9155701754385965 0.9983552631578947
0.9199561403508771 0.9994517543859649
0.9221491228070176 0.9994517543859649
0.9259868421052632 0.9989035087719298
0.9292763157894737 0.9994517543859649
0.9183114035087719 0.9989035087719298
0.9216008771929824 0.9989035087719298
0.9254385964912281 0.9989035087719298
0.9183114035087719 0.9989035087719298
0.9199561403508771 0.9994517543859649
0.924890350877193 0.9983552631578947
0.9287280701754386 0.9994517543859649
0.9281798245614035 0.9994517543859649
0.9276315789473685 1.0
0.9243421052631579 0.9989035087719298
0.9325657894736842 0.9989035087719298
0.9331140350877193 0.9989035087719298
0.9336622807017544 1.0
0.9243421052631579 0.9989035087719298
0.9292763157894737 0.9989035087719298
0.9298245614035088 0.9989035087719298
0.9210526315789473 0.9989035087719298
0.9243421052631579 0.9989035087719298
0.9298245614035088 0.9989035087719298
