0.00712719298245614 0.03837719298245614
0.051535087719298246 0.23574561403508773
0.1387061403508772 0.5087719298245614
0.23135964912280702 0.6907894736842105
0.3508771929824561 0.8706140350877193
0.4550438596491228 0.9369517543859649
0.5383771929824561 0.9703947368421053
0.600328947368421 0.9780701754385965
0.6655701754385965 0.9906798245614035
0.7099780701754386 0.9950657894736842
0.7648026315789473 0.9967105263157895
0.7834429824561403 0.9967105263157895
0.8240131578947368 0.9983552631578947
0.8327850877192983 0.9978070175438597
0.8453947368421053 0.9994517543859649
0.8733552631578947 0.9989035087719298
0.8854166666666666 1.0
0.8892543859649122 0.9994517543859649
0.8985745614035088 1.0
0.9073464912280702 0.9989035087719298
0.8991228070175439 0.9983552631578947
0.9177631578947368 0.9994517543859649
0.9216008771929824 0.9994517543859649
0.9276315789473685 1.0
0.9237938596491229 0.9994517543859649
0.9254385964912281 0.9994517543859649
0.924890350877193 0.9978070175438597
0.9369517543859649 0.9989035087719298
0.9407894736842105 0.9994517543859649
0.9358552631578947 0.9994517543859649
0.9303728070175439 0.9989035087719298
0.9325657894736842 0.9978070175438597
0.9424342105263158 0.9994517543859649
0.9468201754385965 0.9994517543859649
0.9396929824561403 1.0
0.9451754385964912 1.0
0.9435307017543859 0.9989035087719298
0.9468201754385965 0.9989035087719298
0.9424342105263158 0.9994517543859649
0.9495614035087719 0.9994517543859649
0.9473684210526315 0.9983552631578947
0.9457236842105263 0.9989035087719298
0.9495614035087719 0.9989035087719298
0.9457236842105263 0.9967105263157895
0.9424342105263158 0.9989035087719298
0.9517543859649122 0.9989035087719298
0.9484649122807017 0.9967105263157895
0.9435307017543859 1.0
0.9418859649122807 1.0
0.9495614035087719 0.9989035087719298
0.9391447368421053 0.9983552631578947
0.956140350877193 0.9983552631578947
0.9528508771929824 0.9989035087719298
0.9572368421052632 0.9994517543859649
0.9413377192982456 0.9989035087719298
0.9506578947368421 0.9994517543859649
0.9495614035087719 0.9994517543859649
0.950109649122807 0.9989035087719298
